0.050,1.6624
0.060,2.1733
0.070,2.6842
0.080,3.1951
0.090,3.7060
0.100,4.2169
0.100,4.2169
0.110,4.2115
0.120,4.2065
0.130,4.2017
0.140,4.1967
0.150,4.1913
0.160,4.1853
0.170,4.1785
0.180,4.1705
0.190,4.1621
0.200,4.1549
0.210,4.1506
0.220,4.1508
0.230,4.1571
0.240,4.1694
0.250,4.1862
0.260,4.2055
0.270,4.2258
0.280,4.2453
0.290,4.2630
0.300,4.2790
0.310,4.2931
0.320,4.3054
0.330,4.3157
0.340,4.3243
0.350,4.3317
0.360,4.3384
0.370,4.3449
0.380,4.3517
0.390,4.3589
0.400,4.3664
0.410,4.3740
0.420,4.3816
0.430,4.3891
0.440,4.3963
0.450,4.4033
0.460,4.4101
0.470,4.4168
0.480,4.4234
0.490,4.4296
0.500,4.4349
0.510,4.4389
0.520,4.4408
0.530,4.4403
0.540,4.4374
0.550,4.4329
0.560,4.4273
0.570,4.4214
0.580,4.4160
0.590,4.4114
0.600,4.4080
0.610,4.4062
0.620,4.4061
0.630,4.4082
0.640,4.4122
0.650,4.4177
0.660,4.4243
0.670,4.4314
0.680,4.4385
0.690,4.4453
0.700,4.4515
0.710,4.4567
0.720,4.4606
0.730,4.4630
0.740,4.4638
0.750,4.4631
0.760,4.4612
0.770,4.4580
0.780,4.4539
0.790,4.4492
0.800,4.4445
0.810,4.4405
0.820,4.4378
0.830,4.4370
0.840,4.4382
0.850,4.4412
0.860,4.4456
0.870,4.4510
0.880,4.4572
0.890,4.4638
0.900,4.4704
0.910,4.4766
0.920,4.4822
0.930,4.4868
0.940,4.4902
0.950,4.4925
0.960,4.4938
0.970,4.4940
0.980,4.4934
0.990,4.4919
1.000,4.4898
1.010,4.4874
1.020,4.4848
1.030,4.4822
1.040,4.4800
1.050,4.4786
1.060,4.4782
1.070,4.4793
1.080,4.4823
1.090,4.4870
1.100,4.4928
1.110,4.4990
1.120,4.5050
1.130,4.5103
1.140,4.5145
1.150,4.5182
1.160,4.5215
1.170,4.5249
